Brute Force results: MAE 3 years
[0, 0, 0, 0, 2.1542686477714437]
[0, 0, 0, 1, 2.154223582509442]
[0, 0, 0, 2, 2.1532703342931008]
[0, 0, 0, 3, 2.1549417140590394]
[0, 0, 0, 4, 2.124663011138749]
[0, 0, 1, 0, 2.1794328574301525]
[0, 0, 1, 1, 2.179359789266442]
[0, 0, 1, 2, 2.178382237871228]
[0, 0, 1, 3, 2.1810767237169273]
[0, 0, 1, 4, 2.1377281738309786]
[0, 0, 2, 0, 2.198655524031638]
[0, 0, 2, 1, 2.198531754775832]
[0, 0, 2, 2, 2.1972091506015787]
[0, 0, 2, 3, 2.196367866503591]
[0, 0, 2, 4, 2.1454911648549473]
[0, 0, 3, 0, 2.227082949304336]
[0, 0, 3, 1, 2.2268749738826057]
[0, 0, 3, 2, 2.2244210552273813]
[0, 0, 3, 3, 2.216037191325822]
[0, 0, 3, 4, 2.1546353257488997]
[0, 0, 4, 0, 2.278946356882458]
[0, 0, 4, 1, 2.2785284113935447]
[0, 0, 4, 2, 2.2736323938157206]
[0, 0, 4, 3, 2.2480790340063237]
[0, 0, 4, 4, 2.1664275041739605]
[0, 1, 0, 0, 1.4769836174511137]
[0, 1, 0, 1, 1.4744036327110106]
[0, 1, 0, 2, 1.478561885735591]
[0, 1, 0, 3, 1.5519812204934116]
[0, 1, 0, 4, 1.6971266084173338]
[0, 1, 1, 0, 1.458464285182465]
[0, 1, 1, 1, 1.4558923891431266]
[0, 1, 1, 2, 1.4645222423862734]
[0, 1, 1, 3, 1.5490999939195895]
[0, 1, 1, 4, 1.7023705377652434]
[0, 1, 2, 0, 1.4562752104896568]
[0, 1, 2, 1, 1.4544261544085808]
[0, 1, 2, 2, 1.4612394200109733]
[0, 1, 2, 3, 1.5481999483986977]
[0, 1, 2, 4, 1.7038955415683246]
[0, 1, 3, 0, 1.4525103896865552]
[0, 1, 3, 1, 1.4510130127605851]
[0, 1, 3, 2, 1.452460995560819]
[0, 1, 3, 3, 1.5456955605570815]
[0, 1, 3, 4, 1.7053606243195751]
[0, 1, 4, 0, 1.4760411852588171]
[0, 1, 4, 1, 1.4749085702259432]
[0, 1, 4, 2, 1.4707949959526712]
[0, 1, 4, 3, 1.5460640365775336]
[0, 1, 4, 4, 1.7071276872301058]
[0, 2, 0, 0, 1.4769836174511137]
[0, 2, 0, 1, 1.4744036327110106]
[0, 2, 0, 2, 1.478561885735591]
[0, 2, 0, 3, 1.5519812204934116]
[0, 2, 0, 4, 1.6971266084173338]
[0, 2, 1, 0, 1.458464285182465]
[0, 2, 1, 1, 1.4558923891431266]
[0, 2, 1, 2, 1.4645222423862734]
[0, 2, 1, 3, 1.5490999939195895]
[0, 2, 1, 4, 1.7023705377652434]
[0, 2, 2, 0, 1.4562752104896568]
[0, 2, 2, 1, 1.4544261544085808]
[0, 2, 2, 2, 1.4612394200109733]
[0, 2, 2, 3, 1.5481999483986977]
[0, 2, 2, 4, 1.7038955415683246]
[0, 2, 3, 0, 1.4525103896865552]
[0, 2, 3, 1, 1.4510130127605851]
[0, 2, 3, 2, 1.452460995560819]
[0, 2, 3, 3, 1.5456955605570815]
[0, 2, 3, 4, 1.7053606243195751]
[0, 2, 4, 0, 1.4760411852588171]
[0, 2, 4, 1, 1.4749085702259432]
[0, 2, 4, 2, 1.4707949959526712]
[0, 2, 4, 3, 1.5460640365775336]
[0, 2, 4, 4, 1.7071276872301058]
[0, 3, 0, 0, 1.167617868147055]
[0, 3, 0, 1, 1.1639159028621682]
[0, 3, 0, 2, 1.1353754079511666]
[0, 3, 0, 3, 1.2222523142815986]
[0, 3, 0, 4, 1.5039823366690876]
[0, 3, 1, 0, 1.1309103923118282]
[0, 3, 1, 1, 1.12541106268057]
[0, 3, 1, 2, 1.0971121688067864]
[0, 3, 1, 3, 1.20013378221358]
[0, 3, 1, 4, 1.4915986560397136]
[0, 3, 2, 0, 1.1126347214868546]
[0, 3, 2, 1, 1.1041876564611492]
[0, 3, 2, 2, 1.0843819539761346]
[0, 3, 2, 3, 1.185250760445787]
[0, 3, 2, 4, 1.4758125643867768]
[0, 3, 3, 0, 1.1304547143119033]
[0, 3, 3, 1, 1.1150516795597514]
[0, 3, 3, 2, 1.0884726008203938]
[0, 3, 3, 3, 1.1591579146662578]
[0, 3, 3, 4, 1.445023690524855]
[0, 3, 4, 0, 1.3035885659575464]
[0, 3, 4, 1, 1.2743710503598598]
[0, 3, 4, 2, 1.2241036552762876]
[0, 3, 4, 3, 1.1439902012931702]
[0, 3, 4, 4, 1.378535030391758]
[0, 4, 0, 0, 1.3296148566863757]
[0, 4, 0, 1, 1.3225610482817074]
[0, 4, 0, 2, 1.2913933961528652]
[0, 4, 0, 3, 1.3513003007396647]
[0, 4, 0, 4, 1.6324643346706302]
[0, 4, 1, 0, 1.3012147708517452]
[0, 4, 1, 1, 1.2937037018464097]
[0, 4, 1, 2, 1.2580366383886092]
[0, 4, 1, 3, 1.33508779354163]
[0, 4, 1, 4, 1.6124955246579789]
[0, 4, 2, 0, 1.3046418250042107]
[0, 4, 2, 1, 1.293537238448873]
[0, 4, 2, 2, 1.2510034304613717]
[0, 4, 2, 3, 1.3238819757780689]
[0, 4, 2, 4, 1.5939767853781885]
[0, 4, 3, 0, 1.326026834397086]
[0, 4, 3, 1, 1.3081196779064213]
[0, 4, 3, 2, 1.2619985147303612]
[0, 4, 3, 3, 1.3115588352787124]
[0, 4, 3, 4, 1.5586220145480183]
[0, 4, 4, 0, 1.5173311404275296]
[0, 4, 4, 1, 1.4797613858003864]
[0, 4, 4, 2, 1.4081214538911704]
[0, 4, 4, 3, 1.312268554918298]
[0, 4, 4, 4, 1.4857626206756045]
[1, 0, 0, 0, 2.155470556495964]
[1, 0, 0, 1, 2.155425506148732]
[1, 0, 0, 2, 2.1544991615485616]
[1, 0, 0, 3, 2.1595914765739184]
[1, 0, 0, 4, 2.124313663044225]
[1, 0, 1, 0, 2.180967603307162]
[1, 0, 1, 1, 2.180894530679907]
[1, 0, 1, 2, 2.180017487098871]
[1, 0, 1, 3, 2.1853286981748528]
[1, 0, 1, 4, 2.138280105605413]
[1, 0, 2, 0, 2.2000541364541344]
[1, 0, 2, 1, 2.1999303696818555]
[1, 0, 2, 2, 2.198704042572845]
[1, 0, 2, 3, 2.2007761293533235]
[1, 0, 2, 4, 2.146735692358666]
[1, 0, 3, 0, 2.228349004816312]
[1, 0, 3, 1, 2.228141077544384]
[1, 0, 3, 2, 2.2257650946639957]
[1, 0, 3, 3, 2.221150996283203]
[1, 0, 3, 4, 2.156952123173331]
[1, 0, 4, 0, 2.2800205202267136]
[1, 0, 4, 1, 2.27960346467223]
[1, 0, 4, 2, 2.274741787799807]
[1, 0, 4, 3, 2.2547814473532495]
[1, 0, 4, 4, 2.1710148323361467]
[1, 1, 0, 0, 1.474522160225749]
[1, 1, 0, 1, 1.4731373015119023]
[1, 1, 0, 2, 1.472122725911742]
[1, 1, 0, 3, 1.520718313701757]
[1, 1, 0, 4, 1.6430744006645575]
[1, 1, 1, 0, 1.4625278614643895]
[1, 1, 1, 1, 1.461566742334531]
[1, 1, 1, 2, 1.4627588481334053]
[1, 1, 1, 3, 1.518019137922884]
[1, 1, 1, 4, 1.6482602820924497]
[1, 1, 2, 0, 1.460332735101642]
[1, 1, 2, 1, 1.4594393281380782]
[1, 1, 2, 2, 1.4617561285492027]
[1, 1, 2, 3, 1.517967492560693]
[1, 1, 2, 4, 1.649613500260673]
[1, 1, 3, 0, 1.4597366344317608]
[1, 1, 3, 1, 1.4591444142294598]
[1, 1, 3, 2, 1.4604534672647194]
[1, 1, 3, 3, 1.5163226966485168]
[1, 1, 3, 4, 1.6504719058679542]
[1, 1, 4, 0, 1.490370217476967]
[1, 1, 4, 1, 1.4898892892423812]
[1, 1, 4, 2, 1.4885106179005632]
[1, 1, 4, 3, 1.5238111339900557]
[1, 1, 4, 4, 1.6489817296300142]
[1, 2, 0, 0, 1.474522160225749]
[1, 2, 0, 1, 1.4731373015119023]
[1, 2, 0, 2, 1.472122725911742]
[1, 2, 0, 3, 1.520718313701757]
[1, 2, 0, 4, 1.6430744006645575]
[1, 2, 1, 0, 1.4625278614643895]
[1, 2, 1, 1, 1.461566742334531]
[1, 2, 1, 2, 1.4627588481334053]
[1, 2, 1, 3, 1.518019137922884]
[1, 2, 1, 4, 1.6482602820924497]
[1, 2, 2, 0, 1.460332735101642]
[1, 2, 2, 1, 1.4594393281380782]
[1, 2, 2, 2, 1.4617561285492027]
[1, 2, 2, 3, 1.517967492560693]
[1, 2, 2, 4, 1.649613500260673]
[1, 2, 3, 0, 1.4597366344317608]
[1, 2, 3, 1, 1.4591444142294598]
[1, 2, 3, 2, 1.4604534672647194]
[1, 2, 3, 3, 1.5163226966485168]
[1, 2, 3, 4, 1.6504719058679542]
[1, 2, 4, 0, 1.490370217476967]
[1, 2, 4, 1, 1.4898892892423812]
[1, 2, 4, 2, 1.4885106179005632]
[1, 2, 4, 3, 1.5238111339900557]
[1, 2, 4, 4, 1.6489817296300142]
[1, 3, 0, 0, 1.213307011632787]
[1, 3, 0, 1, 1.209942030721947]
[1, 3, 0, 2, 1.1924295905145894]
[1, 3, 0, 3, 1.1923533184685622]
[1, 3, 0, 4, 1.4094700438879126]
[1, 3, 1, 0, 1.1912979831421824]
[1, 3, 1, 1, 1.1884737341566187]
[1, 3, 1, 2, 1.1703045385069137]
[1, 3, 1, 3, 1.1781836771938117]
[1, 3, 1, 4, 1.3978960925290977]
[1, 3, 2, 0, 1.1918549773598446]
[1, 3, 2, 1, 1.1892851356527214]
[1, 3, 2, 2, 1.1699890572481693]
[1, 3, 2, 3, 1.1734280455290942]
[1, 3, 2, 4, 1.384300189067507]
[1, 3, 3, 0, 1.237982135471532]
[1, 3, 3, 1, 1.2333700957399056]
[1, 3, 3, 2, 1.2104317409305518]
[1, 3, 3, 3, 1.1689464792044701]
[1, 3, 3, 4, 1.3554273114667872]
[1, 3, 4, 0, 1.403583104056256]
[1, 3, 4, 1, 1.3955780785774532]
[1, 3, 4, 2, 1.3613404416857247]
[1, 3, 4, 3, 1.1987396385824571]
[1, 3, 4, 4, 1.299226236020702]
[1, 4, 0, 0, 1.348368615910418]
[1, 4, 0, 1, 1.3436208476518194]
[1, 4, 0, 2, 1.3235822865430114]
[1, 4, 0, 3, 1.3007844143327847]
[1, 4, 0, 4, 1.505713448517783]
[1, 4, 1, 0, 1.3475878134131183]
[1, 4, 1, 1, 1.3431843885880361]
[1, 4, 1, 2, 1.3181019029256025]
[1, 4, 1, 3, 1.2913806343839305]
[1, 4, 1, 4, 1.4923742140068308]
[1, 4, 2, 0, 1.3607102490730822]
[1, 4, 2, 1, 1.3567653302496074]
[1, 4, 2, 2, 1.3298344257144121]
[1, 4, 2, 3, 1.2978140614075715]
[1, 4, 2, 4, 1.4790640952649081]
[1, 4, 3, 0, 1.4003240863572648]
[1, 4, 3, 1, 1.3943099136882176]
[1, 4, 3, 2, 1.3633698377361745]
[1, 4, 3, 3, 1.310813335126972]
[1, 4, 3, 4, 1.4495696388638948]
[1, 4, 4, 0, 1.5899807218136854]
[1, 4, 4, 1, 1.5800350678087371]
[1, 4, 4, 2, 1.5353956143391185]
[1, 4, 4, 3, 1.3428265562510653]
[1, 4, 4, 4, 1.3829820828189996]
[2, 0, 0, 0, 2.156998155176412]
[2, 0, 0, 1, 2.1569531021483312]
[2, 0, 0, 2, 2.1560756282537397]
[2, 0, 0, 3, 2.162534466822447]
[2, 0, 0, 4, 2.1228478157669937]
[2, 0, 1, 0, 2.182370507020869]
[2, 0, 1, 1, 2.1822974486007487]
[2, 0, 1, 2, 2.181580608414129]
[2, 0, 1, 3, 2.1879820277060844]
[2, 0, 1, 4, 2.137448831341289]
[2, 0, 2, 0, 2.201412117913342]
[2, 0, 2, 1, 2.201288342955631]
[2, 0, 2, 2, 2.2002010066453903]
[2, 0, 2, 3, 2.2035037808723823]
[2, 0, 2, 4, 2.146553832421698]
[2, 0, 3, 0, 2.2296242065646994]
[2, 0, 3, 1, 2.2294164478323895]
[2, 0, 3, 2, 2.2271496140780904]
[2, 0, 3, 3, 2.2244099878775914]
[2, 0, 3, 4, 2.1581536728652595]
[2, 0, 4, 0, 2.2811290283743055]
[2, 0, 4, 1, 2.2807131399345604]
[2, 0, 4, 2, 2.275912400266217]
[2, 0, 4, 3, 2.2592681362800784]
[2, 0, 4, 4, 2.174585758798927]
[2, 1, 0, 0, 1.4763768708438927]
[2, 1, 0, 1, 1.4748906805068682]
[2, 1, 0, 2, 1.4746484534832842]
[2, 1, 0, 3, 1.5152186554851046]
[2, 1, 0, 4, 1.6168419874759448]
[2, 1, 1, 0, 1.4649229793774126]
[2, 1, 1, 1, 1.4636211641089096]
[2, 1, 1, 2, 1.4666919393953433]
[2, 1, 1, 3, 1.51326797073428]
[2, 1, 1, 4, 1.6211078437938073]
[2, 1, 2, 0, 1.462169639201109]
[2, 1, 2, 1, 1.4613001574822355]
[2, 1, 2, 2, 1.4659048433739936]
[2, 1, 2, 3, 1.512459710585747]
[2, 1, 2, 4, 1.621819288716876]
[2, 1, 3, 0, 1.464455511717146]
[2, 1, 3, 1, 1.463942386848396]
[2, 1, 3, 2, 1.4680805252546996]
[2, 1, 3, 3, 1.5080168421815263]
[2, 1, 3, 4, 1.6215963820760744]
[2, 1, 4, 0, 1.5056031296489343]
[2, 1, 4, 1, 1.5049993062203775]
[2, 1, 4, 2, 1.5052335884104342]
[2, 1, 4, 3, 1.5183574380393]
[2, 1, 4, 4, 1.6162864989948855]
[2, 2, 0, 0, 1.4763768708438927]
[2, 2, 0, 1, 1.4748906805068682]
[2, 2, 0, 2, 1.4746484534832842]
[2, 2, 0, 3, 1.5152186554851046]
[2, 2, 0, 4, 1.6168419874759448]
[2, 2, 1, 0, 1.4649229793774126]
[2, 2, 1, 1, 1.4636211641089096]
[2, 2, 1, 2, 1.4666919393953433]
[2, 2, 1, 3, 1.51326797073428]
[2, 2, 1, 4, 1.6211078437938073]
[2, 2, 2, 0, 1.462169639201109]
[2, 2, 2, 1, 1.4613001574822355]
[2, 2, 2, 2, 1.4659048433739936]
[2, 2, 2, 3, 1.512459710585747]
[2, 2, 2, 4, 1.621819288716876]
[2, 2, 3, 0, 1.464455511717146]
[2, 2, 3, 1, 1.463942386848396]
[2, 2, 3, 2, 1.4680805252546996]
[2, 2, 3, 3, 1.5080168421815263]
[2, 2, 3, 4, 1.6215963820760744]
[2, 2, 4, 0, 1.5056031296489343]
[2, 2, 4, 1, 1.5049993062203775]
[2, 2, 4, 2, 1.5052335884104342]
[2, 2, 4, 3, 1.5183574380393]
[2, 2, 4, 4, 1.6162864989948855]
[2, 3, 0, 0, 1.2425909122358967]
[2, 3, 0, 1, 1.2418440532917414]
[2, 3, 0, 2, 1.2324501952407683]
[2, 3, 0, 3, 1.2286416986450404]
[2, 3, 0, 4, 1.3616885940857326]
[2, 3, 1, 0, 1.2435872439560236]
[2, 3, 1, 1, 1.2428002589402658]
[2, 3, 1, 2, 1.2319130694600067]
[2, 3, 1, 3, 1.2253902873542823]
[2, 3, 1, 4, 1.3499444381065446]
[2, 3, 2, 0, 1.2627213166300713]
[2, 3, 2, 1, 1.260772148134837]
[2, 3, 2, 2, 1.24840648060135]
[2, 3, 2, 3, 1.2312896256182913]
[2, 3, 2, 4, 1.3379162698584757]
[2, 3, 3, 0, 1.315476639079004]
[2, 3, 3, 1, 1.3122907766106908]
[2, 3, 3, 2, 1.3018956690277583]
[2, 3, 3, 3, 1.2602243618581876]
[2, 3, 3, 4, 1.315257926893198]
[2, 3, 4, 0, 1.4721448486804145]
[2, 3, 4, 1, 1.4676642236581947]
[2, 3, 4, 2, 1.4552459030617044]
[2, 3, 4, 3, 1.3215790211795673]
[2, 3, 4, 4, 1.2846478023473258]
[2, 4, 0, 0, 1.316319580447287]
[2, 4, 0, 1, 1.3147067481681418]
[2, 4, 0, 2, 1.3029195678693704]
[2, 4, 0, 3, 1.2726845011501082]
[2, 4, 0, 4, 1.4022654147221314]
[2, 4, 1, 0, 1.3302923452693534]
[2, 4, 1, 1, 1.3284660564612076]
[2, 4, 1, 2, 1.3155620830118904]
[2, 4, 1, 3, 1.2794559218059443]
[2, 4, 1, 4, 1.3895640357992576]
[2, 4, 2, 0, 1.3639373150731327]
[2, 4, 2, 1, 1.3610209536641211]
[2, 4, 2, 2, 1.3459810392633853]
[2, 4, 2, 3, 1.2991825391277245]
[2, 4, 2, 4, 1.3779091705447077]
[2, 4, 3, 0, 1.4153499054139884]
[2, 4, 3, 1, 1.4112310255013034]
[2, 4, 3, 2, 1.397345861221143]
[2, 4, 3, 3, 1.333934140472115]
[2, 4, 3, 4, 1.3593690814421515]
[2, 4, 4, 0, 1.598717883532042]
[2, 4, 4, 1, 1.5935513957382337]
[2, 4, 4, 2, 1.5781392949747983]
[2, 4, 4, 3, 1.4142443136003462]
[2, 4, 4, 4, 1.3166908378865212]
[3, 0, 0, 0, 2.158105969793314]
[3, 0, 0, 1, 2.158060940362141]
[3, 0, 0, 2, 2.1573382809318655]
[3, 0, 0, 3, 2.1638379032980946]
[3, 0, 0, 4, 2.124756236747959]
[3, 0, 1, 0, 2.1834674071727846]
[3, 0, 1, 1, 2.1833943403426943]
[3, 0, 1, 2, 2.1828029533043325]
[3, 0, 1, 3, 2.189134095998933]
[3, 0, 1, 4, 2.1395443370490104]
[3, 0, 2, 0, 2.202496182219584]
[3, 0, 2, 1, 2.2023724086567302]
[3, 0, 2, 2, 2.20138363191985]
[3, 0, 2, 3, 2.2046107113218754]
[3, 0, 2, 4, 2.149135319472382]
[3, 0, 3, 0, 2.2306204642913916]
[3, 0, 3, 1, 2.2304128251970345]
[3, 0, 3, 2, 2.2282090899131055]
[3, 0, 3, 3, 2.2256045883913607]
[3, 0, 3, 4, 2.1617209365520287]
[3, 0, 4, 0, 2.281968632147845]
[3, 0, 4, 1, 2.281553415686681]
[3, 0, 4, 2, 2.2767560337330512]
[3, 0, 4, 3, 2.260898361680382]
[3, 0, 4, 4, 2.1795902956669044]
[3, 1, 0, 0, 1.4861962595116796]
[3, 1, 0, 1, 1.484361511363945]
[3, 1, 0, 2, 1.4861909962292639]
[3, 1, 0, 3, 1.5193623664897795]
[3, 1, 0, 4, 1.6191294194593284]
[3, 1, 1, 0, 1.474335972175226]
[3, 1, 1, 1, 1.472753028748245]
[3, 1, 1, 2, 1.4776859594664407]
[3, 1, 1, 3, 1.5171743011712626]
[3, 1, 1, 4, 1.6221747306910037]
[3, 1, 2, 0, 1.4723925763422958]
[3, 1, 2, 1, 1.4714083456812153]
[3, 1, 2, 2, 1.4775830049632603]
[3, 1, 2, 3, 1.5158886791670407]
[3, 1, 2, 4, 1.6224354678446173]
[3, 1, 3, 0, 1.4768354299148465]
[3, 1, 3, 1, 1.4762606735986925]
[3, 1, 3, 2, 1.481150384209861]
[3, 1, 3, 3, 1.512808159659762]
[3, 1, 3, 4, 1.6215074742548372]
[3, 1, 4, 0, 1.5225660879187386]
[3, 1, 4, 1, 1.521795225405938]
[3, 1, 4, 2, 1.5226656312957065]
[3, 1, 4, 3, 1.529965266789387]
[3, 1, 4, 4, 1.6140599824286792]
[3, 2, 0, 0, 1.4861962595116796]
[3, 2, 0, 1, 1.484361511363945]
[3, 2, 0, 2, 1.4861909962292639]
[3, 2, 0, 3, 1.5193623664897795]
[3, 2, 0, 4, 1.6191294194593284]
[3, 2, 1, 0, 1.474335972175226]
[3, 2, 1, 1, 1.472753028748245]
[3, 2, 1, 2, 1.4776859594664407]
[3, 2, 1, 3, 1.5171743011712626]
[3, 2, 1, 4, 1.6221747306910037]
[3, 2, 2, 0, 1.4723925763422958]
[3, 2, 2, 1, 1.4714083456812153]
[3, 2, 2, 2, 1.4775830049632603]
[3, 2, 2, 3, 1.5158886791670407]
[3, 2, 2, 4, 1.6224354678446173]
[3, 2, 3, 0, 1.4768354299148465]
[3, 2, 3, 1, 1.4762606735986925]
[3, 2, 3, 2, 1.481150384209861]
[3, 2, 3, 3, 1.512808159659762]
[3, 2, 3, 4, 1.6215074742548372]
[3, 2, 4, 0, 1.5225660879187386]
[3, 2, 4, 1, 1.521795225405938]
[3, 2, 4, 2, 1.5226656312957065]
[3, 2, 4, 3, 1.529965266789387]
[3, 2, 4, 4, 1.6140599824286792]
[3, 3, 0, 0, 1.2717551038106627]
[3, 3, 0, 1, 1.269296886806745]
[3, 3, 0, 2, 1.260578005030483]
[3, 3, 0, 3, 1.2739108370611418]
[3, 3, 0, 4, 1.3719168717919878]
[3, 3, 1, 0, 1.2732331293617745]
[3, 3, 1, 1, 1.2702718663723864]
[3, 3, 1, 2, 1.2648362735154115]
[3, 3, 1, 3, 1.2721473704709247]
[3, 3, 1, 4, 1.3609126067057495]
[3, 3, 2, 0, 1.293141912434783]
[3, 3, 2, 1, 1.289479439301822]
[3, 3, 2, 2, 1.285373961376756]
[3, 3, 2, 3, 1.282637894143744]
[3, 3, 2, 4, 1.3503798997521113]
[3, 3, 3, 0, 1.346640684146003]
[3, 3, 3, 1, 1.3434128640406755]
[3, 3, 3, 2, 1.3412940157196485]
[3, 3, 3, 3, 1.3190244342616924]
[3, 3, 3, 4, 1.3368973873730985]
[3, 3, 4, 0, 1.4899013294295633]
[3, 3, 4, 1, 1.4864118827589299]
[3, 3, 4, 2, 1.4791083394229956]
[3, 3, 4, 3, 1.392947808313329]
[3, 3, 4, 4, 1.329512006154983]
[3, 4, 0, 0, 1.2952104206428101]
[3, 4, 0, 1, 1.2921857098311136]
[3, 4, 0, 2, 1.282543704735795]
[3, 4, 0, 3, 1.2863563626916552]
[3, 4, 0, 4, 1.3745872662008334]
[3, 4, 1, 0, 1.3161483649331365]
[3, 4, 1, 1, 1.3126114973318816]
[3, 4, 1, 2, 1.3057043756146298]
[3, 4, 1, 3, 1.3003511671581167]
[3, 4, 1, 4, 1.363106191974652]
[3, 4, 2, 0, 1.34867731534128]
[3, 4, 2, 1, 1.3445891596818909]
[3, 4, 2, 2, 1.3389386447826468]
[3, 4, 2, 3, 1.3253951998287499]
[3, 4, 2, 4, 1.3535253555818973]
[3, 4, 3, 0, 1.4025278505071237]
[3, 4, 3, 1, 1.3988637714013552]
[3, 4, 3, 2, 1.3946751240261406]
[3, 4, 3, 3, 1.3656300270251072]
[3, 4, 3, 4, 1.3443266036454855]
[3, 4, 4, 0, 1.5682685442211148]
[3, 4, 4, 1, 1.564446210168404]
[3, 4, 4, 2, 1.5560656956132688]
[3, 4, 4, 3, 1.449895665122793]
[3, 4, 4, 4, 1.332143275053248]
[4, 0, 0, 0, 2.1598468867056404]
[4, 0, 0, 1, 2.1598018455168386]
[4, 0, 0, 2, 2.159324481599185]
[4, 0, 0, 3, 2.1657514512407987]
[4, 0, 0, 4, 2.1306614567458335]
[4, 0, 1, 0, 2.185201356326221]
[4, 0, 1, 1, 2.1851286029784585]
[4, 0, 1, 2, 2.184712480839686]
[4, 0, 1, 3, 2.190764471328698]
[4, 0, 1, 4, 2.1456268744219247]
[4, 0, 2, 0, 2.20413217554915]
[4, 0, 2, 1, 2.2040084120020538]
[4, 0, 2, 2, 2.203153405812947]
[4, 0, 2, 3, 2.2063207024071803]
[4, 0, 2, 4, 2.1556351078267384]
[4, 0, 3, 0, 2.232125422382382]
[4, 0, 3, 1, 2.2319178995442988]
[4, 0, 3, 2, 2.229795491865563]
[4, 0, 3, 3, 2.2273709368079597]
[4, 0, 3, 4, 2.1687641640515523]
[4, 0, 4, 0, 2.283211527050869]
[4, 0, 4, 1, 2.2827971329500896]
[4, 0, 4, 2, 2.278004646384281]
[4, 0, 4, 3, 2.2628728937937126]
[4, 0, 4, 4, 2.1876516564705146]
[4, 1, 0, 0, 1.5117172271360995]
[4, 1, 0, 1, 1.5097069067029623]
[4, 1, 0, 2, 1.5115160258983866]
[4, 1, 0, 3, 1.5443003925377918]
[4, 1, 0, 4, 1.640656834642299]
[4, 1, 1, 0, 1.5019094446807946]
[4, 1, 1, 1, 1.5009938169658599]
[4, 1, 1, 2, 1.5071932054011117]
[4, 1, 1, 3, 1.5406091224749807]
[4, 1, 1, 4, 1.6409300361520731]
[4, 1, 2, 0, 1.5038653844015701]
[4, 1, 2, 1, 1.5034859413627626]
[4, 1, 2, 2, 1.5093273212716218]
[4, 1, 2, 3, 1.539525087963981]
[4, 1, 2, 4, 1.639488347535934]
[4, 1, 3, 0, 1.509349283456862]
[4, 1, 3, 1, 1.5088218009795895]
[4, 1, 3, 2, 1.5126211515775065]
[4, 1, 3, 3, 1.535722086780602]
[4, 1, 3, 4, 1.6350067264531334]
[4, 1, 4, 0, 1.557561058826452]
[4, 1, 4, 1, 1.5568080429933318]
[4, 1, 4, 2, 1.5570495604608088]
[4, 1, 4, 3, 1.5597861090690237]
[4, 1, 4, 4, 1.6276750728236076]
[4, 2, 0, 0, 1.5117172271360995]
[4, 2, 0, 1, 1.5097069067029623]
[4, 2, 0, 2, 1.5115160258983866]
[4, 2, 0, 3, 1.5443003925377918]
[4, 2, 0, 4, 1.640656834642299]
[4, 2, 1, 0, 1.5019094446807946]
[4, 2, 1, 1, 1.5009938169658599]
[4, 2, 1, 2, 1.5071932054011117]
[4, 2, 1, 3, 1.5406091224749807]
[4, 2, 1, 4, 1.6409300361520731]
[4, 2, 2, 0, 1.5038653844015701]
[4, 2, 2, 1, 1.5034859413627626]
[4, 2, 2, 2, 1.5093273212716218]
[4, 2, 2, 3, 1.539525087963981]
[4, 2, 2, 4, 1.639488347535934]
[4, 2, 3, 0, 1.509349283456862]
[4, 2, 3, 1, 1.5088218009795895]
[4, 2, 3, 2, 1.5126211515775065]
[4, 2, 3, 3, 1.535722086780602]
[4, 2, 3, 4, 1.6350067264531334]
[4, 2, 4, 0, 1.557561058826452]
[4, 2, 4, 1, 1.5568080429933318]
[4, 2, 4, 2, 1.5570495604608088]
[4, 2, 4, 3, 1.5597861090690237]
[4, 2, 4, 4, 1.6276750728236076]
[4, 3, 0, 0, 1.3120773723767776]
[4, 3, 0, 1, 1.309520357091662]
[4, 3, 0, 2, 1.307658602808521]
[4, 3, 0, 3, 1.3320338807303236]
[4, 3, 0, 4, 1.4331308266485752]
[4, 3, 1, 0, 1.3011666129563244]
[4, 3, 1, 1, 1.2996486427220386]
[4, 3, 1, 2, 1.301187116213134]
[4, 3, 1, 3, 1.324721053500357]
[4, 3, 1, 4, 1.4258176447024156]
[4, 3, 2, 0, 1.3185431091211843]
[4, 3, 2, 1, 1.3169326549047333]
[4, 3, 2, 2, 1.3197773858025283]
[4, 3, 2, 3, 1.3346864888148409]
[4, 3, 2, 4, 1.4195453629043184]
[4, 3, 3, 0, 1.377246449104869]
[4, 3, 3, 1, 1.3758857604232313]
[4, 3, 3, 2, 1.3758131872464825]
[4, 3, 3, 3, 1.3707581381156548]
[4, 3, 3, 4, 1.418772477495179]
[4, 3, 4, 0, 1.5011499851464682]
[4, 3, 4, 1, 1.4991013505983026]
[4, 3, 4, 2, 1.4931658969067274]
[4, 3, 4, 3, 1.452934136026635]
[4, 3, 4, 4, 1.4388223251153207]
[4, 4, 0, 0, 1.3004100663504452]
[4, 4, 0, 1, 1.2977262090984047]
[4, 4, 0, 2, 1.2955355769059878]
[4, 4, 0, 3, 1.3167419104238138]
[4, 4, 0, 4, 1.4152688054782043]
[4, 4, 1, 0, 1.2954013808720444]
[4, 4, 1, 1, 1.293717100992233]
[4, 4, 1, 2, 1.2947158284589546]
[4, 4, 1, 3, 1.3133788408170761]
[4, 4, 1, 4, 1.4078612825169818]
[4, 4, 2, 0, 1.3180126973945174]
[4, 4, 2, 1, 1.3163096428258223]
[4, 4, 2, 2, 1.3185191758667822]
[4, 4, 2, 3, 1.3304542114083016]
[4, 4, 2, 4, 1.4042664222614372]
[4, 4, 3, 0, 1.378236149716839]
[4, 4, 3, 1, 1.3768015095842168]
[4, 4, 3, 2, 1.3764891068064622]
[4, 4, 3, 3, 1.3693095373876107]
[4, 4, 3, 4, 1.4070283437546933]
[4, 4, 4, 0, 1.514162172008486]
[4, 4, 4, 1, 1.511966399342393]
[4, 4, 4, 2, 1.5053829810305952]
[4, 4, 4, 3, 1.4621550447888432]
[4, 4, 4, 4, 1.4305515545452159]
